  1603778481                audio     1     87     2912
  1603778481          BrowserTest     0      0        0
  1603778481 comparisonbenchmarks     2    180     3823
  1603778481              compile     5    798    24854
  1603778481             compiler     7    538    13099
  1603778481               crypto     2    338     9933
  1603778481                  csp    64   2685    70780
  1603778481                  exp    12    594    13864
  1603778481                grail    34   2941    77043
  1603778481                input    20   2321    53685
  1603778481               opengl    83   7677   242281
  1603778481                 repo     3    311    11725
  1603778481             servlets     0      0        0
  1603778481          testcompile     9   1138    31124
  1603778481                 util    45   4447   114793
  1603778481             visualcs     5    303     8650
  1603778481                  xdl    13   2362    67647
  1603778481           total proj   305  26720   746213
  1605998337                audio     1     87     2912
  1605998337                  csp    61   2552    67021
  1605998337                grail    31   2674    70173
  1605998337               opengl    75   7299   226886
  1605998337                 util    36   3250    83371
  1605998337             visualcs     5    303     8650
  1605998337                  xdl    13   2362    67625
  1605998337           total proj   222  18527   526638
  1606022309                audio     1     87     2912
  1606022309                  csp    61   2552    67021
  1606022309                grail    31   2674    70173
  1606022309               opengl    75   7301   227031
  1606022309                 util    36   3250    83371
  1606022309             visualcs     5    303     8650
  1606022309                  xdl    13   2362    67625
  1606022309           total proj   222  18529   526783
  1606022609                audio     1     87     2912
  1606022609                  csp    61   2552    67021
  1606022610                grail    31   2674    70173
  1606022610               opengl    75   7301   227031
  1606022610                 util    36   3250    83371
  1606022610             visualcs     5    303     8650
  1606022610                  xdl    13   2362    67625
  1606022610           total proj   222  18529   526783
  1606091638                audio     1     87     2912
  1606091638                  csp    61   2552    67021
  1606091638                grail    30   2593    68202
  1606091638               opengl    76   7322   227724
  1606091638                 util    36   3250    83371
  1606091638             visualcs     5    303     8650
  1606091638                  xdl    13   2362    67625
  1606091638           total proj   222  18469   525505
  1606139873                audio     1     87     2912
  1606139873                  csp    61   2552    67021
  1606139873                grail    29   2582    68027
  1606139873               opengl    76   7322   227724
  1606139873                 util    36   3250    83371
  1606139873             visualcs     5    303     8650
  1606139873                  xdl    13   2362    67625
  1606139873           total proj   221  18458   525330
  1606313647                audio     1     87     2912
  1606313647                  csp    61   2552    67021
  1606313647               opengl    76   7326   227800
  1606313647             tmpgrail    29   2582    68027
  1606313647                 util    36   3250    83371
  1606313647             visualcs     5    303     8650
  1606313647                  xdl    13   2367    67707
  1606313647           total proj   221  18467   525488
  1606313669                audio     1     87     2912
  1606313669                  csp    61   2552    67021
  1606313669               opengl    76   7326   227800
  1606313669                 util    36   3250    83371
  1606313669             visualcs     5    303     8650
  1606313669                  xdl    13   2367    67707
  1606313669           total proj   192  15885   457461
  1606316347                audio     1     87     2912
  1606316347                  csp    61   2552    67021
  1606316347               opengl    76   7327   227828
  1606316347                 util    36   3250    83371
  1606316347             visualcs     5    303     8650
  1606316347                  xdl    13   2367    67707
  1606316347           total proj   192  15886   457489
  1606832171                audio     1     87     2912
  1606832171                  csp    62   2570    67896
  1606832171               opengl    76   7433   230697
  1606832171                 util    36   3251    83493
  1606832171             visualcs     5    303     8650
  1606832171                  xdl    13   2367    67707
  1606832171           total proj   193  16011   461355
  1609785784                audio     1     87     2912
  1609785784                  csp    62   2570    67896
  1609785784               opengl    76   7423   230761
  1609785784                 util    36   3251    83493
  1609785784             visualcs     5    303     8650
  1609785784                  xdl    13   2367    67707
  1609785784           total proj   193  16001   461419
  1610807666                audio     1     87     2912
  1610807666                  csp    62   2570    67896
  1610807666               opengl    76   7525   234318
  1610807666                 util    36   3251    83493
  1610807666             visualcs     5    303     8650
  1610807666                  xdl    13   2367    67707
  1610807666           total proj   193  16103   464976
  1621821477                audio     1     87     2912
  1621821477                  csp    62   2604    68785
  1621821477               opengl    76   7529   234436
  1621821477                 util    36   3287    84364
  1621821477                video     0      0        0
  1621821477             visualcs     5    303     8650
  1621821477                  xdl    15   2551    71676
  1621821477           total proj   195  16361   470823
  1623038400                audio     1     87     2912
  1623038400                  csp    64   2869    76072
  1623038400               opengl    91   8228   255152
  1623038400                 util    36   3301    84806
  1623038400                video     0      0        0
  1623038400             visualcs     5    303     8650
  1623038400                  xdl    15   2561    72047
  1623038400           total proj   212  17349   499639
  1623196349                audio     1     87     2912
  1623196349                  csp    64   2877    76429
  1623196349               opengl    98   8577   266127
  1623196349                 util    36   3301    84777
  1623196350                video     0      0        0
  1623196350             visualcs     5    303     8650
  1623196350                  xdl    16   2633    74209
  1623196350           total proj   220  17778   513104
  1623216201                audio     1     87     2912
  1623216201                  csp    64   2877    76429
  1623216201               opengl    98   8577   266127
  1623216201                 util    36   3301    84777
  1623216201                video     0      0        0
  1623216201             visualcs     5    303     8650
  1623216201                  xdl    16   2633    74209
  1623216201           total proj   220  17778   513104
  1623647614                audio     1     87     2912
  1623647614                  csp    64   2877    76429
  1623647615               opengl   110   9558   300089
  1623647615                 util    36   3301    84777
  1623647615                video     0      0        0
  1623647615             visualcs     5    303     8650
  1623647615                  xdl    16   2633    74209
  1623647615           total proj   232  18759   547066
  1623730827                audio     1     87     2912
  1623730827                  csp    64   2877    76429
  1623730827               opengl   113  10367   330326
  1623730827                 util    36   3318    85555
  1623730827                video     0      0        0
  1623730827             visualcs     5    303     8650
  1623730827                  xdl    16   2633    74209
  1623730827           total proj   235  19585   578081
  1623762398                audio     1     87     2912
  1623762398                  csp    64   2877    76429
  1623762399               opengl   113  10367   330326
  1623762399                 util    36   3318    85555
  1623762399                video     0      0        0
  1623762399             visualcs     5    303     8650
  1623762399                  xdl    16   2633    74209
  1623762399           total proj   235  19585   578081
  1623802263                audio     1     87     2912
  1623802263                  csp    64   2877    76429
  1623802263               opengl   113  10424   332573
  1623802263                 util    36   3318    85555
  1623802263                video     0      0        0
  1623802263             visualcs     5    303     8650
  1623802263                  xdl    16   2633    74209
  1623802263           total proj   235  19642   580328
  1623850323                audio     1     87     2912
  1623850323                  csp    64   2877    76429
  1623850323               opengl   113  10424   332573
  1623850323                 util    36   3318    85555
  1623850323                video     0      0        0
  1623850323             visualcs     5    303     8650
  1623850323                  xdl    16   2633    74209
  1623850323           total proj   235  19642   580328
  1623937623                audio     1     87     2912
  1623937623                  csp    64   2877    76429
  1623937624               opengl   113  10453   333737
  1623937624                 util    41   3434    88287
  1623937624                video     0      0        0
  1623937624             visualcs     5    303     8650
  1623937624                  xdl    16   2633    74209
  1623937624                   xp     3    204     6932
  1623937624           total proj   243  19991   591156
  1623938361                audio     1     87     2912
  1623938361                  csp    64   2877    76429
  1623938361               opengl   113  10453   333737
  1623938361                 util    41   3434    88287
  1623938361                video     0      0        0
  1623938361             visualcs     5    303     8650
  1623938361                  xdl    16   2633    74209
  1623938361                   xp     3    204     6932
  1623938361           total proj   243  19991   591156
